/*--------------------------------*- C++ -*----------------------------------*\
| =========                 |                                                 |
| \\      /  F ield         | foam-extend: Open Source CFD                    |
|  \\    /   O peration     | Version:     4.0                                |
|   \\  /    A nd           | Web:         http://www.foam-extend.org         |
|    \\/     M anipulation  |                                                 |
\*---------------------------------------------------------------------------*/
FoamFile
{
    version     2.0;
    format      ascii;
    class       volScalarField;
    location    "0";
    object      OH-;
}
// * * * * * * * * * * * * * * * * * * * * * * * * * * * * * * * * * * * * * //

dimensions      [0 -3 0 0 1 0 0];

internalField   nonuniform List<scalar> 
1000
(
1.00954e-07
1.00954e-07
1.00954e-07
1.00954e-07
1.00954e-07
1.00954e-07
1.00954e-07
1.00954e-07
1.00954e-07
1.00954e-07
1.00954e-07
1.00954e-07
1.00954e-07
1.00954e-07
1.00954e-07
1.00954e-07
1.00954e-07
1.00954e-07
1.00954e-07
1.00954e-07
1.00954e-07
1.00954e-07
1.00954e-07
1.00954e-07
1.00954e-07
1.00954e-07
1.00954e-07
1.00954e-07
1.00954e-07
1.00954e-07
1.00954e-07
1.00954e-07
1.00954e-07
1.00954e-07
1.00954e-07
1.00954e-07
1.00954e-07
1.00954e-07
1.00954e-07
1.00954e-07
1.00954e-07
1.00954e-07
1.00954e-07
1.00954e-07
1.00954e-07
1.00954e-07
1.00954e-07
1.00954e-07
1.00954e-07
1.00954e-07
1.00954e-07
1.00954e-07
1.00954e-07
1.00954e-07
1.00954e-07
1.00954e-07
1.00954e-07
1.00954e-07
1.00954e-07
1.00954e-07
1.00954e-07
1.00954e-07
1.00954e-07
1.00954e-07
1.00954e-07
1.00954e-07
1.00954e-07
1.00954e-07
1.00954e-07
1.00954e-07
1.00954e-07
1.00954e-07
1.00954e-07
1.00954e-07
1.00954e-07
1.00954e-07
1.00954e-07
1.00954e-07
1.00954e-07
1.00954e-07
1.00954e-07
1.00954e-07
1.00954e-07
1.00954e-07
1.00954e-07
1.00954e-07
1.00954e-07
1.00954e-07
1.00954e-07
1.00954e-07
1.00954e-07
1.00954e-07
1.00954e-07
1.00954e-07
1.00954e-07
1.00954e-07
1.00954e-07
1.00954e-07
1.00954e-07
1.00954e-07
1.00954e-07
1.00954e-07
1.00954e-07
1.00954e-07
1.00954e-07
1.00954e-07
1.00954e-07
1.00954e-07
1.00954e-07
1.00954e-07
1.00954e-07
1.00954e-07
1.00954e-07
1.00954e-07
1.00954e-07
1.00954e-07
1.00954e-07
1.00954e-07
1.00954e-07
1.00954e-07
1.00954e-07
1.00954e-07
1.00954e-07
1.00954e-07
1.00954e-07
1.00954e-07
1.00954e-07
1.00954e-07
1.00954e-07
1.00954e-07
1.00954e-07
1.00954e-07
1.00954e-07
1.00954e-07
1.00954e-07
1.00954e-07
1.00954e-07
1.00954e-07
1.00954e-07
1.00954e-07
1.00954e-07
1.00954e-07
1.00954e-07
1.00954e-07
1.00954e-07
1.00954e-07
1.00954e-07
1.00954e-07
1.00954e-07
1.00954e-07
1.00954e-07
1.00954e-07
1.00954e-07
1.00954e-07
1.00954e-07
1.00954e-07
1.00954e-07
1.00954e-07
1.00954e-07
1.00954e-07
1.00954e-07
1.00954e-07
1.00954e-07
1.00954e-07
1.00954e-07
1.00954e-07
1.00954e-07
1.00954e-07
1.00954e-07
1.00954e-07
1.00954e-07
1.00954e-07
1.00954e-07
1.00954e-07
1.00954e-07
1.00954e-07
1.00954e-07
1.00954e-07
1.00954e-07
1.00954e-07
1.00954e-07
1.00954e-07
1.00954e-07
1.00954e-07
1.00954e-07
1.00954e-07
1.00954e-07
1.00954e-07
1.00954e-07
1.00954e-07
1.00954e-07
1.00954e-07
1.00954e-07
1.00954e-07
1.00954e-07
1.00954e-07
1.00954e-07
1.00954e-07
1.00954e-07
1.00954e-07
1.00954e-07
1.00954e-07
1.00954e-07
1.00954e-07
1.00954e-07
1.00954e-07
1.00954e-07
1.00954e-07
1.00954e-07
1.00954e-07
1.00954e-07
1.00954e-07
1.00954e-07
1.00954e-07
1.00954e-07
1.00954e-07
1.00954e-07
1.00954e-07
1.00954e-07
1.00954e-07
1.00954e-07
1.00954e-07
1.00954e-07
1.00954e-07
1.00954e-07
1.00954e-07
1.00954e-07
1.00954e-07
1.00954e-07
1.00954e-07
1.00954e-07
1.00954e-07
1.00954e-07
1.00954e-07
1.00954e-07
1.00954e-07
1.00954e-07
1.00954e-07
1.00954e-07
1.00954e-07
1.00954e-07
1.00954e-07
1.00954e-07
1.00954e-07
1.00954e-07
1.00954e-07
1.00954e-07
1.00954e-07
1.00954e-07
1.00954e-07
1.00954e-07
1.00954e-07
1.00954e-07
1.00954e-07
1.00954e-07
1.00954e-07
1.00954e-07
1.00954e-07
1.00954e-07
1.00954e-07
1.00954e-07
1.00954e-07
1.00954e-07
1.00954e-07
1.00954e-07
1.00954e-07
1.00954e-07
1.00954e-07
1.00954e-07
1.00954e-07
1.00954e-07
1.00954e-07
1.00954e-07
1.00954e-07
1.00954e-07
1.00954e-07
1.00954e-07
1.00954e-07
1.00954e-07
1.00954e-07
1.00954e-07
1.00954e-07
1.00954e-07
1.00954e-07
1.00954e-07
1.00954e-07
1.00954e-07
1.00954e-07
1.00954e-07
1.00954e-07
1.00954e-07
1.00954e-07
1.00954e-07
1.00954e-07
1.00954e-07
1.00954e-07
1.00954e-07
1.00954e-07
1.00954e-07
1.00954e-07
1.00954e-07
1.00954e-07
1.00954e-07
1.00954e-07
1.00954e-07
1.00954e-07
1.00954e-07
1.00954e-07
1.00954e-07
1.00954e-07
1.00954e-07
1.00954e-07
1.00954e-07
1.00954e-07
1.00954e-07
1.00954e-07
1.00954e-07
1.00954e-07
1.00954e-07
1.00954e-07
1.00954e-07
1.00954e-07
1.00954e-07
1.00954e-07
1.00954e-07
1.00954e-07
1.00954e-07
1.00954e-07
1.00954e-07
1.00954e-07
1.00954e-07
1.00954e-07
1.00954e-07
1.00954e-07
1.00954e-07
1.00954e-07
1.00954e-07
1.00954e-07
1.00954e-07
1.00954e-07
1.00954e-07
1.00954e-07
1.00954e-07
1.00954e-07
1.00954e-07
1.00954e-07
1.00954e-07
1.00954e-07
1.00954e-07
1.00954e-07
1.00954e-07
1.00954e-07
1.00954e-07
1.00954e-07
1.00954e-07
1.00954e-07
1.00954e-07
1.00954e-07
1.00954e-07
1.00954e-07
1.00954e-07
1.00954e-07
1.00954e-07
1.00954e-07
1.00954e-07
1.00954e-07
1.00954e-07
1.00954e-07
1.00954e-07
1.00954e-07
1.00954e-07
1.00954e-07
1.00954e-07
1.00954e-07
1.00954e-07
1.00954e-07
1.00954e-07
1.00954e-07
1.00954e-07
1.00954e-07
1.00954e-07
1.00954e-07
1.00954e-07
1.00954e-07
1.00954e-07
1.00954e-07
1.00954e-07
1.00954e-07
1.00954e-07
1.00954e-07
1.00954e-07
1.00954e-07
1.00954e-07
1.00954e-07
1.00954e-07
1.00954e-07
1.00954e-07
1.00954e-07
1.00954e-07
1.00954e-07
0
0
0
0
0
0
0
0
0
0
0
0
0
0
0
0
0
0
0
0
0
0
0
0
0
0
0
0
0
0
0
0
0
0
0
0
0
0
0
0
0
0
0
0
0
0
0
0
0
0
0
0
0
0
0
0
0
0
0
0
0
0
0
0
0
0
0
0
0
0
0
0
0
0
0
0
0
0
0
0
0
0
0
0
0
0
0
0
0
0
0
0
0
0
0
0
0
0
0
0
0
0
0
0
0
0
0
0
0
0
0
0
0
0
0
0
0
0
0
0
0
0
0
0
0
0
0
0
0
0
0
0
0
0
0
0
0
0
0
0
0
0
0
0
0
0
0
0
0
0
0
0
0
0
0
0
0
0
0
0
0
0
0
0
0
0
0
0
0
0
0
0
0
0
0
0
0
0
0
0
0
0
0
0
0
0
0
0
0
0
0
0
0
0
0
0
0
0
0
0
0
0
0
0
0
0
0
0
0
0
0
0
0
0
0
0
0
0
0
0
0
0
0
0
0
0
0
0
0
0
0
0
0
0
0
0
0
0
0
0
0
0
0
0
0
0
0
0
0
0
0
0
0
0
0
0
0
0
0
0
0
0
0
0
0
0
0
0
0
0
0
0
0
0
0
0
0
0
0
0
0
0
0
0
0
0
0
0
0
0
0
0
0
0
0
0
0
0
0
0
0
0
0
0
0
0
0
0
0
0
0
0
0
0
0
0
0
0
0
0
0
0
0
0
0
0
0
0
0
0
0
0
0
0
0
0
0
0
0
0
0
0
0
0
0
0
0
0
0
0
0
0
0
0
0
0
0
0
0
0
0
0
0
0
0
0
0
0
0
0
0
0
0
0
0
0
0
0
0
0
1.00954e-07
1.00954e-07
1.00954e-07
1.00954e-07
1.00954e-07
1.00954e-07
1.00954e-07
1.00954e-07
1.00954e-07
1.00954e-07
1.00954e-07
1.00954e-07
1.00954e-07
1.00954e-07
1.00954e-07
1.00954e-07
1.00954e-07
1.00954e-07
1.00954e-07
1.00954e-07
1.00954e-07
1.00954e-07
1.00954e-07
1.00954e-07
1.00954e-07
1.00954e-07
1.00954e-07
1.00954e-07
1.00954e-07
1.00954e-07
1.00954e-07
1.00954e-07
1.00954e-07
1.00954e-07
1.00954e-07
1.00954e-07
1.00954e-07
1.00954e-07
1.00954e-07
1.00954e-07
1.00954e-07
1.00954e-07
1.00954e-07
1.00954e-07
1.00954e-07
1.00954e-07
1.00954e-07
1.00954e-07
1.00954e-07
1.00954e-07
1.00954e-07
1.00954e-07
1.00954e-07
1.00954e-07
1.00954e-07
1.00954e-07
1.00954e-07
1.00954e-07
1.00954e-07
1.00954e-07
1.00954e-07
1.00954e-07
1.00954e-07
1.00954e-07
1.00954e-07
1.00954e-07
1.00954e-07
1.00954e-07
1.00954e-07
1.00954e-07
1.00954e-07
1.00954e-07
1.00954e-07
1.00954e-07
1.00954e-07
1.00954e-07
1.00954e-07
1.00954e-07
1.00954e-07
1.00954e-07
1.00954e-07
1.00954e-07
1.00954e-07
1.00954e-07
1.00954e-07
1.00954e-07
1.00954e-07
1.00954e-07
1.00954e-07
1.00954e-07
1.00954e-07
1.00954e-07
1.00954e-07
1.00954e-07
1.00954e-07
1.00954e-07
1.00954e-07
1.00954e-07
1.00954e-07
1.00954e-07
1.00954e-07
1.00954e-07
1.00954e-07
1.00954e-07
1.00954e-07
1.00954e-07
1.00954e-07
1.00954e-07
1.00954e-07
1.00954e-07
1.00954e-07
1.00954e-07
1.00954e-07
1.00954e-07
1.00954e-07
1.00954e-07
1.00954e-07
1.00954e-07
1.00954e-07
1.00954e-07
1.00954e-07
1.00954e-07
1.00954e-07
1.00954e-07
1.00954e-07
1.00954e-07
1.00954e-07
1.00954e-07
1.00954e-07
1.00954e-07
1.00954e-07
1.00954e-07
1.00954e-07
1.00954e-07
1.00954e-07
1.00954e-07
1.00954e-07
1.00954e-07
1.00954e-07
1.00954e-07
1.00954e-07
1.00954e-07
1.00954e-07
1.00954e-07
1.00954e-07
1.00954e-07
1.00954e-07
1.00954e-07
1.00954e-07
1.00954e-07
1.00954e-07
1.00954e-07
1.00954e-07
1.00954e-07
1.00954e-07
1.00954e-07
1.00954e-07
1.00954e-07
1.00954e-07
1.00954e-07
1.00954e-07
1.00954e-07
1.00954e-07
1.00954e-07
1.00954e-07
1.00954e-07
1.00954e-07
1.00954e-07
1.00954e-07
1.00954e-07
1.00954e-07
1.00954e-07
1.00954e-07
1.00954e-07
1.00954e-07
1.00954e-07
1.00954e-07
1.00954e-07
1.00954e-07
1.00954e-07
1.00954e-07
1.00954e-07
1.00954e-07
1.00954e-07
1.00954e-07
1.00954e-07
1.00954e-07
1.00954e-07
1.00954e-07
1.00954e-07
1.00954e-07
1.00954e-07
1.00954e-07
1.00954e-07
1.00954e-07
1.00954e-07
1.00954e-07
1.00954e-07
1.00954e-07
1.00954e-07
1.00954e-07
1.00954e-07
1.00954e-07
1.00954e-07
1.00954e-07
1.00954e-07
1.00954e-07
1.00954e-07
1.00954e-07
1.00954e-07
1.00954e-07
1.00954e-07
1.00954e-07
1.00954e-07
1.00954e-07
1.00954e-07
1.00954e-07
1.00954e-07
1.00954e-07
1.00954e-07
)
;

boundaryField
{
    right
    {
        type            zeroGradient;
    }
    left
    {
        type            fixedValue;
        value           uniform 1.00954e-07;
    }
    top
    {
        type            zeroGradient;
    }
    bottom
    {
        type            globalConcentrationMixed;
        refValue        uniform 0;
        refGradient     uniform 0;
        valueFraction   uniform 0;
        value           nonuniform List<scalar> 
100
(
1.00954e-07
1.00954e-07
1.00954e-07
1.00954e-07
1.00954e-07
1.00954e-07
1.00954e-07
1.00954e-07
1.00954e-07
1.00954e-07
1.00954e-07
1.00954e-07
1.00954e-07
1.00954e-07
1.00954e-07
1.00954e-07
1.00954e-07
1.00954e-07
1.00954e-07
1.00954e-07
0
0
0
0
0
0
0
0
0
0
0
0
0
0
0
0
0
0
0
0
0
0
0
0
0
0
0
0
0
0
0
0
0
0
0
0
0
0
0
1.00954e-07
0
0
0
0
0
0
0
0
0
0
0
0
0
0
0
0
0
0
0
1.00954e-07
1.00954e-07
1.00954e-07
1.00954e-07
1.00954e-07
1.00954e-07
1.00954e-07
1.00954e-07
1.00954e-07
1.00954e-07
1.00954e-07
1.00954e-07
1.00954e-07
1.00954e-07
1.00954e-07
1.00954e-07
1.00954e-07
1.00954e-07
1.00954e-07
1.00954e-07
1.00954e-07
)
;
    }
    frontAndBack
    {
        type            empty;
    }
}


// ************************************************************************* //
