/*--------------------------------*- C++ -*----------------------------------*\
| =========                 |                                                 |
| \\      /  F ield         | foam-extend: Open Source CFD                    |
|  \\    /   O peration     | Version:     4.0                                |
|   \\  /    A nd           | Web:         http://www.foam-extend.org         |
|    \\/     M anipulation  |                                                 |
\*---------------------------------------------------------------------------*/
FoamFile
{
    version     2.0;
    format      ascii;
    class       vectorField;
    location    "constant/polyMesh";
    object      points;
}
// * * * * * * * * * * * * * * * * * * * * * * * * * * * * * * * * * * * * * //


2182
(
(0 0 0)
(0.0001 0 0)
(0.0002 0 0)
(0.0003 0 0)
(0.0004 0 0)
(0.0005 0 0)
(0.0006 0 0)
(0.0007 0 0)
(0.0008 0 0)
(0.0009 0 0)
(0.001 0 0)
(0.0011 0 0)
(0.0012 0 0)
(0.0013 0 0)
(0.0014 0 0)
(0.0015 0 0)
(0.0016 0 0)
(0.0017 0 0)
(0.0018 0 0)
(0.0019 0 0)
(0.002 0 0)
(0 0.0001 0)
(0.0001 0.0001 0)
(0.0002 0.0001 0)
(0.0003 0.0001 0)
(0.0004 0.0001 0)
(0.0005 0.0001 0)
(0.0006 0.0001 0)
(0.0007 0.0001 0)
(0.0008 0.0001 0)
(0.0009 0.0001 0)
(0.001 0.0001 0)
(0.0011 0.0001 0)
(0.0012 0.0001 0)
(0.0013 0.0001 0)
(0.0014 0.0001 0)
(0.0015 0.0001 0)
(0.0016 0.0001 0)
(0.0017 0.0001 0)
(0.0018 0.0001 0)
(0.0019 0.0001 0)
(0.002 0.0001 0)
(0 0.0002 0)
(0.0001 0.0002 0)
(0.0002 0.0002 0)
(0.0003 0.0002 0)
(0.0004 0.0002 0)
(0.0005 0.0002 0)
(0.0006 0.0002 0)
(0.0007 0.0002 0)
(0.0008 0.0002 0)
(0.0009 0.0002 0)
(0.001 0.0002 0)
(0.0011 0.0002 0)
(0.0012 0.0002 0)
(0.0013 0.0002 0)
(0.0014 0.0002 0)
(0.0015 0.0002 0)
(0.0016 0.0002 0)
(0.0017 0.0002 0)
(0.0018 0.0002 0)
(0.0019 0.0002 0)
(0.002 0.0002 0)
(0 0.0003 0)
(0.0001 0.0003 0)
(0.0002 0.0003 0)
(0.0003 0.0003 0)
(0.0004 0.0003 0)
(0.0005 0.0003 0)
(0.0006 0.0003 0)
(0.0007 0.0003 0)
(0.0008 0.0003 0)
(0.0009 0.0003 0)
(0.001 0.0003 0)
(0.0011 0.0003 0)
(0.0012 0.0003 0)
(0.0013 0.0003 0)
(0.0014 0.0003 0)
(0.0015 0.0003 0)
(0.0016 0.0003 0)
(0.0017 0.0003 0)
(0.0018 0.0003 0)
(0.0019 0.0003 0)
(0.002 0.0003 0)
(0 0.0004 0)
(0.0001 0.0004 0)
(0.0002 0.0004 0)
(0.0003 0.0004 0)
(0.0004 0.0004 0)
(0.0005 0.0004 0)
(0.0006 0.0004 0)
(0.0007 0.0004 0)
(0.0008 0.0004 0)
(0.0009 0.0004 0)
(0.001 0.0004 0)
(0.0011 0.0004 0)
(0.0012 0.0004 0)
(0.0013 0.0004 0)
(0.0014 0.0004 0)
(0.0015 0.0004 0)
(0.0016 0.0004 0)
(0.0017 0.0004 0)
(0.0018 0.0004 0)
(0.0019 0.0004 0)
(0.002 0.0004 0)
(0 0.0005 0)
(0.0001 0.0005 0)
(0.0002 0.0005 0)
(0.0003 0.0005 0)
(0.0004 0.0005 0)
(0.0005 0.0005 0)
(0.0006 0.0005 0)
(0.0007 0.0005 0)
(0.0008 0.0005 0)
(0.0009 0.0005 0)
(0.001 0.0005 0)
(0.0011 0.0005 0)
(0.0012 0.0005 0)
(0.0013 0.0005 0)
(0.0014 0.0005 0)
(0.0015 0.0005 0)
(0.0016 0.0005 0)
(0.0017 0.0005 0)
(0.0018 0.0005 0)
(0.0019 0.0005 0)
(0.002 0.0005 0)
(0 0.0006 0)
(0.0001 0.0006 0)
(0.0002 0.0006 0)
(0.0003 0.0006 0)
(0.0004 0.0006 0)
(0.0005 0.0006 0)
(0.0006 0.0006 0)
(0.0007 0.0006 0)
(0.0008 0.0006 0)
(0.0009 0.0006 0)
(0.001 0.0006 0)
(0.0011 0.0006 0)
(0.0012 0.0006 0)
(0.0013 0.0006 0)
(0.0014 0.0006 0)
(0.0015 0.0006 0)
(0.0016 0.0006 0)
(0.0017 0.0006 0)
(0.0018 0.0006 0)
(0.0019 0.0006 0)
(0.002 0.0006 0)
(0 0.0007 0)
(0.0001 0.0007 0)
(0.0002 0.0007 0)
(0.0003 0.0007 0)
(0.0004 0.0007 0)
(0.0005 0.0007 0)
(0.0006 0.0007 0)
(0.0007 0.0007 0)
(0.0008 0.0007 0)
(0.0009 0.0007 0)
(0.001 0.0007 0)
(0.0011 0.0007 0)
(0.0012 0.0007 0)
(0.0013 0.0007 0)
(0.0014 0.0007 0)
(0.0015 0.0007 0)
(0.0016 0.0007 0)
(0.0017 0.0007 0)
(0.0018 0.0007 0)
(0.0019 0.0007 0)
(0.002 0.0007 0)
(0 0.0008 0)
(0.0001 0.0008 0)
(0.0002 0.0008 0)
(0.0003 0.0008 0)
(0.0004 0.0008 0)
(0.0005 0.0008 0)
(0.0006 0.0008 0)
(0.0007 0.0008 0)
(0.0008 0.0008 0)
(0.0009 0.0008 0)
(0.001 0.0008 0)
(0.0011 0.0008 0)
(0.0012 0.0008 0)
(0.0013 0.0008 0)
(0.0014 0.0008 0)
(0.0015 0.0008 0)
(0.0016 0.0008 0)
(0.0017 0.0008 0)
(0.0018 0.0008 0)
(0.0019 0.0008 0)
(0.002 0.0008 0)
(0 0.0009 0)
(0.0001 0.0009 0)
(0.0002 0.0009 0)
(0.0003 0.0009 0)
(0.0004 0.0009 0)
(0.0005 0.0009 0)
(0.0006 0.0009 0)
(0.0007 0.0009 0)
(0.0008 0.0009 0)
(0.0009 0.0009 0)
(0.001 0.0009 0)
(0.0011 0.0009 0)
(0.0012 0.0009 0)
(0.0013 0.0009 0)
(0.0014 0.0009 0)
(0.0015 0.0009 0)
(0.0016 0.0009 0)
(0.0017 0.0009 0)
(0.0018 0.0009 0)
(0.0019 0.0009 0)
(0.002 0.0009 0)
(0 0.001 0)
(0.0001 0.001 0)
(0.0002 0.001 0)
(0.0003 0.001 0)
(0.0004 0.001 0)
(0.0005 0.001 0)
(0.0006 0.001 0)
(0.0007 0.001 0)
(0.0008 0.001 0)
(0.0009 0.001 0)
(0.001 0.001 0)
(0.0011 0.001 0)
(0.0012 0.001 0)
(0.0013 0.001 0)
(0.0014 0.001 0)
(0.0015 0.001 0)
(0.0016 0.001 0)
(0.0017 0.001 0)
(0.0018 0.001 0)
(0.0019 0.001 0)
(0.002 0.001 0)
(0 0 0.001)
(0.0001 0 0.001)
(0.0002 0 0.001)
(0.0003 0 0.001)
(0.0004 0 0.001)
(0.0005 0 0.001)
(0.0006 0 0.001)
(0.0007 0 0.001)
(0.0008 0 0.001)
(0.0009 0 0.001)
(0.001 0 0.001)
(0.0011 0 0.001)
(0.0012 0 0.001)
(0.0013 0 0.001)
(0.0014 0 0.001)
(0.0015 0 0.001)
(0.0016 0 0.001)
(0.0017 0 0.001)
(0.0018 0 0.001)
(0.0019 0 0.001)
(0.002 0 0.001)
(0 0.0001 0.001)
(0.0001 0.0001 0.001)
(0.0002 0.0001 0.001)
(0.0003 0.0001 0.001)
(0.0004 0.0001 0.001)
(0.0005 0.0001 0.001)
(0.0006 0.0001 0.001)
(0.0007 0.0001 0.001)
(0.0008 0.0001 0.001)
(0.0009 0.0001 0.001)
(0.001 0.0001 0.001)
(0.0011 0.0001 0.001)
(0.0012 0.0001 0.001)
(0.0013 0.0001 0.001)
(0.0014 0.0001 0.001)
(0.0015 0.0001 0.001)
(0.0016 0.0001 0.001)
(0.0017 0.0001 0.001)
(0.0018 0.0001 0.001)
(0.0019 0.0001 0.001)
(0.002 0.0001 0.001)
(0 0.0002 0.001)
(0.0001 0.0002 0.001)
(0.0002 0.0002 0.001)
(0.0003 0.0002 0.001)
(0.0004 0.0002 0.001)
(0.0005 0.0002 0.001)
(0.0006 0.0002 0.001)
(0.0007 0.0002 0.001)
(0.0008 0.0002 0.001)
(0.0009 0.0002 0.001)
(0.001 0.0002 0.001)
(0.0011 0.0002 0.001)
(0.0012 0.0002 0.001)
(0.0013 0.0002 0.001)
(0.0014 0.0002 0.001)
(0.0015 0.0002 0.001)
(0.0016 0.0002 0.001)
(0.0017 0.0002 0.001)
(0.0018 0.0002 0.001)
(0.0019 0.0002 0.001)
(0.002 0.0002 0.001)
(0 0.0003 0.001)
(0.0001 0.0003 0.001)
(0.0002 0.0003 0.001)
(0.0003 0.0003 0.001)
(0.0004 0.0003 0.001)
(0.0005 0.0003 0.001)
(0.0006 0.0003 0.001)
(0.0007 0.0003 0.001)
(0.0008 0.0003 0.001)
(0.0009 0.0003 0.001)
(0.001 0.0003 0.001)
(0.0011 0.0003 0.001)
(0.0012 0.0003 0.001)
(0.0013 0.0003 0.001)
(0.0014 0.0003 0.001)
(0.0015 0.0003 0.001)
(0.0016 0.0003 0.001)
(0.0017 0.0003 0.001)
(0.0018 0.0003 0.001)
(0.0019 0.0003 0.001)
(0.002 0.0003 0.001)
(0 0.0004 0.001)
(0.0001 0.0004 0.001)
(0.0002 0.0004 0.001)
(0.0003 0.0004 0.001)
(0.0004 0.0004 0.001)
(0.0005 0.0004 0.001)
(0.0006 0.0004 0.001)
(0.0007 0.0004 0.001)
(0.0008 0.0004 0.001)
(0.0009 0.0004 0.001)
(0.001 0.0004 0.001)
(0.0011 0.0004 0.001)
(0.0012 0.0004 0.001)
(0.0013 0.0004 0.001)
(0.0014 0.0004 0.001)
(0.0015 0.0004 0.001)
(0.0016 0.0004 0.001)
(0.0017 0.0004 0.001)
(0.0018 0.0004 0.001)
(0.0019 0.0004 0.001)
(0.002 0.0004 0.001)
(0 0.0005 0.001)
(0.0001 0.0005 0.001)
(0.0002 0.0005 0.001)
(0.0003 0.0005 0.001)
(0.0004 0.0005 0.001)
(0.0005 0.0005 0.001)
(0.0006 0.0005 0.001)
(0.0007 0.0005 0.001)
(0.0008 0.0005 0.001)
(0.0009 0.0005 0.001)
(0.001 0.0005 0.001)
(0.0011 0.0005 0.001)
(0.0012 0.0005 0.001)
(0.0013 0.0005 0.001)
(0.0014 0.0005 0.001)
(0.0015 0.0005 0.001)
(0.0016 0.0005 0.001)
(0.0017 0.0005 0.001)
(0.0018 0.0005 0.001)
(0.0019 0.0005 0.001)
(0.002 0.0005 0.001)
(0 0.0006 0.001)
(0.0001 0.0006 0.001)
(0.0002 0.0006 0.001)
(0.0003 0.0006 0.001)
(0.0004 0.0006 0.001)
(0.0005 0.0006 0.001)
(0.0006 0.0006 0.001)
(0.0007 0.0006 0.001)
(0.0008 0.0006 0.001)
(0.0009 0.0006 0.001)
(0.001 0.0006 0.001)
(0.0011 0.0006 0.001)
(0.0012 0.0006 0.001)
(0.0013 0.0006 0.001)
(0.0014 0.0006 0.001)
(0.0015 0.0006 0.001)
(0.0016 0.0006 0.001)
(0.0017 0.0006 0.001)
(0.0018 0.0006 0.001)
(0.0019 0.0006 0.001)
(0.002 0.0006 0.001)
(0 0.0007 0.001)
(0.0001 0.0007 0.001)
(0.0002 0.0007 0.001)
(0.0003 0.0007 0.001)
(0.0004 0.0007 0.001)
(0.0005 0.0007 0.001)
(0.0006 0.0007 0.001)
(0.0007 0.0007 0.001)
(0.0008 0.0007 0.001)
(0.0009 0.0007 0.001)
(0.001 0.0007 0.001)
(0.0011 0.0007 0.001)
(0.0012 0.0007 0.001)
(0.0013 0.0007 0.001)
(0.0014 0.0007 0.001)
(0.0015 0.0007 0.001)
(0.0016 0.0007 0.001)
(0.0017 0.0007 0.001)
(0.0018 0.0007 0.001)
(0.0019 0.0007 0.001)
(0.002 0.0007 0.001)
(0 0.0008 0.001)
(0.0001 0.0008 0.001)
(0.0002 0.0008 0.001)
(0.0003 0.0008 0.001)
(0.0004 0.0008 0.001)
(0.0005 0.0008 0.001)
(0.0006 0.0008 0.001)
(0.0007 0.0008 0.001)
(0.0008 0.0008 0.001)
(0.0009 0.0008 0.001)
(0.001 0.0008 0.001)
(0.0011 0.0008 0.001)
(0.0012 0.0008 0.001)
(0.0013 0.0008 0.001)
(0.0014 0.0008 0.001)
(0.0015 0.0008 0.001)
(0.0016 0.0008 0.001)
(0.0017 0.0008 0.001)
(0.0018 0.0008 0.001)
(0.0019 0.0008 0.001)
(0.002 0.0008 0.001)
(0 0.0009 0.001)
(0.0001 0.0009 0.001)
(0.0002 0.0009 0.001)
(0.0003 0.0009 0.001)
(0.0004 0.0009 0.001)
(0.0005 0.0009 0.001)
(0.0006 0.0009 0.001)
(0.0007 0.0009 0.001)
(0.0008 0.0009 0.001)
(0.0009 0.0009 0.001)
(0.001 0.0009 0.001)
(0.0011 0.0009 0.001)
(0.0012 0.0009 0.001)
(0.0013 0.0009 0.001)
(0.0014 0.0009 0.001)
(0.0015 0.0009 0.001)
(0.0016 0.0009 0.001)
(0.0017 0.0009 0.001)
(0.0018 0.0009 0.001)
(0.0019 0.0009 0.001)
(0.002 0.0009 0.001)
(0 0.001 0.001)
(0.0001 0.001 0.001)
(0.0002 0.001 0.001)
(0.0003 0.001 0.001)
(0.0004 0.001 0.001)
(0.0005 0.001 0.001)
(0.0006 0.001 0.001)
(0.0007 0.001 0.001)
(0.0008 0.001 0.001)
(0.0009 0.001 0.001)
(0.001 0.001 0.001)
(0.0011 0.001 0.001)
(0.0012 0.001 0.001)
(0.0013 0.001 0.001)
(0.0014 0.001 0.001)
(0.0015 0.001 0.001)
(0.0016 0.001 0.001)
(0.0017 0.001 0.001)
(0.0018 0.001 0.001)
(0.0019 0.001 0.001)
(0.002 0.001 0.001)
(0.0021 0 0)
(0.0022 0 0)
(0.0023 0 0)
(0.0024 0 0)
(0.0025 0 0)
(0.0026 0 0)
(0.0027 0 0)
(0.0028 0 0)
(0.0029 0 0)
(0.003 0 0)
(0.0031 0 0)
(0.0032 0 0)
(0.0033 0 0)
(0.0034 0 0)
(0.0035 0 0)
(0.0036 0 0)
(0.0037 0 0)
(0.0038 0 0)
(0.0039 0 0)
(0.004 0 0)
(0.0021 0.0001 0)
(0.0022 0.0001 0)
(0.0023 0.0001 0)
(0.0024 0.0001 0)
(0.0025 0.0001 0)
(0.0026 0.0001 0)
(0.0027 0.0001 0)
(0.0028 0.0001 0)
(0.0029 0.0001 0)
(0.003 0.0001 0)
(0.0031 0.0001 0)
(0.0032 0.0001 0)
(0.0033 0.0001 0)
(0.0034 0.0001 0)
(0.0035 0.0001 0)
(0.0036 0.0001 0)
(0.0037 0.0001 0)
(0.0038 0.0001 0)
(0.0039 0.0001 0)
(0.004 0.0001 0)
(0.0021 0.0002 0)
(0.0022 0.0002 0)
(0.0023 0.0002 0)
(0.0024 0.0002 0)
(0.0025 0.0002 0)
(0.0026 0.0002 0)
(0.0027 0.0002 0)
(0.0028 0.0002 0)
(0.0029 0.0002 0)
(0.003 0.0002 0)
(0.0031 0.0002 0)
(0.0032 0.0002 0)
(0.0033 0.0002 0)
(0.0034 0.0002 0)
(0.0035 0.0002 0)
(0.0036 0.0002 0)
(0.0037 0.0002 0)
(0.0038 0.0002 0)
(0.0039 0.0002 0)
(0.004 0.0002 0)
(0.0021 0.0003 0)
(0.0022 0.0003 0)
(0.0023 0.0003 0)
(0.0024 0.0003 0)
(0.0025 0.0003 0)
(0.0026 0.0003 0)
(0.0027 0.0003 0)
(0.0028 0.0003 0)
(0.0029 0.0003 0)
(0.003 0.0003 0)
(0.0031 0.0003 0)
(0.0032 0.0003 0)
(0.0033 0.0003 0)
(0.0034 0.0003 0)
(0.0035 0.0003 0)
(0.0036 0.0003 0)
(0.0037 0.0003 0)
(0.0038 0.0003 0)
(0.0039 0.0003 0)
(0.004 0.0003 0)
(0.0021 0.0004 0)
(0.0022 0.0004 0)
(0.0023 0.0004 0)
(0.0024 0.0004 0)
(0.0025 0.0004 0)
(0.0026 0.0004 0)
(0.0027 0.0004 0)
(0.0028 0.0004 0)
(0.0029 0.0004 0)
(0.003 0.0004 0)
(0.0031 0.0004 0)
(0.0032 0.0004 0)
(0.0033 0.0004 0)
(0.0034 0.0004 0)
(0.0035 0.0004 0)
(0.0036 0.0004 0)
(0.0037 0.0004 0)
(0.0038 0.0004 0)
(0.0039 0.0004 0)
(0.004 0.0004 0)
(0.0021 0.0005 0)
(0.0022 0.0005 0)
(0.0023 0.0005 0)
(0.0024 0.0005 0)
(0.0025 0.0005 0)
(0.0026 0.0005 0)
(0.0027 0.0005 0)
(0.0028 0.0005 0)
(0.0029 0.0005 0)
(0.003 0.0005 0)
(0.0031 0.0005 0)
(0.0032 0.0005 0)
(0.0033 0.0005 0)
(0.0034 0.0005 0)
(0.0035 0.0005 0)
(0.0036 0.0005 0)
(0.0037 0.0005 0)
(0.0038 0.0005 0)
(0.0039 0.0005 0)
(0.004 0.0005 0)
(0.0021 0.0006 0)
(0.0022 0.0006 0)
(0.0023 0.0006 0)
(0.0024 0.0006 0)
(0.0025 0.0006 0)
(0.0026 0.0006 0)
(0.0027 0.0006 0)
(0.0028 0.0006 0)
(0.0029 0.0006 0)
(0.003 0.0006 0)
(0.0031 0.0006 0)
(0.0032 0.0006 0)
(0.0033 0.0006 0)
(0.0034 0.0006 0)
(0.0035 0.0006 0)
(0.0036 0.0006 0)
(0.0037 0.0006 0)
(0.0038 0.0006 0)
(0.0039 0.0006 0)
(0.004 0.0006 0)
(0.0021 0.0007 0)
(0.0022 0.0007 0)
(0.0023 0.0007 0)
(0.0024 0.0007 0)
(0.0025 0.0007 0)
(0.0026 0.0007 0)
(0.0027 0.0007 0)
(0.0028 0.0007 0)
(0.0029 0.0007 0)
(0.003 0.0007 0)
(0.0031 0.0007 0)
(0.0032 0.0007 0)
(0.0033 0.0007 0)
(0.0034 0.0007 0)
(0.0035 0.0007 0)
(0.0036 0.0007 0)
(0.0037 0.0007 0)
(0.0038 0.0007 0)
(0.0039 0.0007 0)
(0.004 0.0007 0)
(0.0021 0.0008 0)
(0.0022 0.0008 0)
(0.0023 0.0008 0)
(0.0024 0.0008 0)
(0.0025 0.0008 0)
(0.0026 0.0008 0)
(0.0027 0.0008 0)
(0.0028 0.0008 0)
(0.0029 0.0008 0)
(0.003 0.0008 0)
(0.0031 0.0008 0)
(0.0032 0.0008 0)
(0.0033 0.0008 0)
(0.0034 0.0008 0)
(0.0035 0.0008 0)
(0.0036 0.0008 0)
(0.0037 0.0008 0)
(0.0038 0.0008 0)
(0.0039 0.0008 0)
(0.004 0.0008 0)
(0.0021 0.0009 0)
(0.0022 0.0009 0)
(0.0023 0.0009 0)
(0.0024 0.0009 0)
(0.0025 0.0009 0)
(0.0026 0.0009 0)
(0.0027 0.0009 0)
(0.0028 0.0009 0)
(0.0029 0.0009 0)
(0.003 0.0009 0)
(0.0031 0.0009 0)
(0.0032 0.0009 0)
(0.0033 0.0009 0)
(0.0034 0.0009 0)
(0.0035 0.0009 0)
(0.0036 0.0009 0)
(0.0037 0.0009 0)
(0.0038 0.0009 0)
(0.0039 0.0009 0)
(0.004 0.0009 0)
(0.0021 0.001 0)
(0.0022 0.001 0)
(0.0023 0.001 0)
(0.0024 0.001 0)
(0.0025 0.001 0)
(0.0026 0.001 0)
(0.0027 0.001 0)
(0.0028 0.001 0)
(0.0029 0.001 0)
(0.003 0.001 0)
(0.0031 0.001 0)
(0.0032 0.001 0)
(0.0033 0.001 0)
(0.0034 0.001 0)
(0.0035 0.001 0)
(0.0036 0.001 0)
(0.0037 0.001 0)
(0.0038 0.001 0)
(0.0039 0.001 0)
(0.004 0.001 0)
(0.0021 0 0.001)
(0.0022 0 0.001)
(0.0023 0 0.001)
(0.0024 0 0.001)
(0.0025 0 0.001)
(0.0026 0 0.001)
(0.0027 0 0.001)
(0.0028 0 0.001)
(0.0029 0 0.001)
(0.003 0 0.001)
(0.0031 0 0.001)
(0.0032 0 0.001)
(0.0033 0 0.001)
(0.0034 0 0.001)
(0.0035 0 0.001)
(0.0036 0 0.001)
(0.0037 0 0.001)
(0.0038 0 0.001)
(0.0039 0 0.001)
(0.004 0 0.001)
(0.0021 0.0001 0.001)
(0.0022 0.0001 0.001)
(0.0023 0.0001 0.001)
(0.0024 0.0001 0.001)
(0.0025 0.0001 0.001)
(0.0026 0.0001 0.001)
(0.0027 0.0001 0.001)
(0.0028 0.0001 0.001)
(0.0029 0.0001 0.001)
(0.003 0.0001 0.001)
(0.0031 0.0001 0.001)
(0.0032 0.0001 0.001)
(0.0033 0.0001 0.001)
(0.0034 0.0001 0.001)
(0.0035 0.0001 0.001)
(0.0036 0.0001 0.001)
(0.0037 0.0001 0.001)
(0.0038 0.0001 0.001)
(0.0039 0.0001 0.001)
(0.004 0.0001 0.001)
(0.0021 0.0002 0.001)
(0.0022 0.0002 0.001)
(0.0023 0.0002 0.001)
(0.0024 0.0002 0.001)
(0.0025 0.0002 0.001)
(0.0026 0.0002 0.001)
(0.0027 0.0002 0.001)
(0.0028 0.0002 0.001)
(0.0029 0.0002 0.001)
(0.003 0.0002 0.001)
(0.0031 0.0002 0.001)
(0.0032 0.0002 0.001)
(0.0033 0.0002 0.001)
(0.0034 0.0002 0.001)
(0.0035 0.0002 0.001)
(0.0036 0.0002 0.001)
(0.0037 0.0002 0.001)
(0.0038 0.0002 0.001)
(0.0039 0.0002 0.001)
(0.004 0.0002 0.001)
(0.0021 0.0003 0.001)
(0.0022 0.0003 0.001)
(0.0023 0.0003 0.001)
(0.0024 0.0003 0.001)
(0.0025 0.0003 0.001)
(0.0026 0.0003 0.001)
(0.0027 0.0003 0.001)
(0.0028 0.0003 0.001)
(0.0029 0.0003 0.001)
(0.003 0.0003 0.001)
(0.0031 0.0003 0.001)
(0.0032 0.0003 0.001)
(0.0033 0.0003 0.001)
(0.0034 0.0003 0.001)
(0.0035 0.0003 0.001)
(0.0036 0.0003 0.001)
(0.0037 0.0003 0.001)
(0.0038 0.0003 0.001)
(0.0039 0.0003 0.001)
(0.004 0.0003 0.001)
(0.0021 0.0004 0.001)
(0.0022 0.0004 0.001)
(0.0023 0.0004 0.001)
(0.0024 0.0004 0.001)
(0.0025 0.0004 0.001)
(0.0026 0.0004 0.001)
(0.0027 0.0004 0.001)
(0.0028 0.0004 0.001)
(0.0029 0.0004 0.001)
(0.003 0.0004 0.001)
(0.0031 0.0004 0.001)
(0.0032 0.0004 0.001)
(0.0033 0.0004 0.001)
(0.0034 0.0004 0.001)
(0.0035 0.0004 0.001)
(0.0036 0.0004 0.001)
(0.0037 0.0004 0.001)
(0.0038 0.0004 0.001)
(0.0039 0.0004 0.001)
(0.004 0.0004 0.001)
(0.0021 0.0005 0.001)
(0.0022 0.0005 0.001)
(0.0023 0.0005 0.001)
(0.0024 0.0005 0.001)
(0.0025 0.0005 0.001)
(0.0026 0.0005 0.001)
(0.0027 0.0005 0.001)
(0.0028 0.0005 0.001)
(0.0029 0.0005 0.001)
(0.003 0.0005 0.001)
(0.0031 0.0005 0.001)
(0.0032 0.0005 0.001)
(0.0033 0.0005 0.001)
(0.0034 0.0005 0.001)
(0.0035 0.0005 0.001)
(0.0036 0.0005 0.001)
(0.0037 0.0005 0.001)
(0.0038 0.0005 0.001)
(0.0039 0.0005 0.001)
(0.004 0.0005 0.001)
(0.0021 0.0006 0.001)
(0.0022 0.0006 0.001)
(0.0023 0.0006 0.001)
(0.0024 0.0006 0.001)
(0.0025 0.0006 0.001)
(0.0026 0.0006 0.001)
(0.0027 0.0006 0.001)
(0.0028 0.0006 0.001)
(0.0029 0.0006 0.001)
(0.003 0.0006 0.001)
(0.0031 0.0006 0.001)
(0.0032 0.0006 0.001)
(0.0033 0.0006 0.001)
(0.0034 0.0006 0.001)
(0.0035 0.0006 0.001)
(0.0036 0.0006 0.001)
(0.0037 0.0006 0.001)
(0.0038 0.0006 0.001)
(0.0039 0.0006 0.001)
(0.004 0.0006 0.001)
(0.0021 0.0007 0.001)
(0.0022 0.0007 0.001)
(0.0023 0.0007 0.001)
(0.0024 0.0007 0.001)
(0.0025 0.0007 0.001)
(0.0026 0.0007 0.001)
(0.0027 0.0007 0.001)
(0.0028 0.0007 0.001)
(0.0029 0.0007 0.001)
(0.003 0.0007 0.001)
(0.0031 0.0007 0.001)
(0.0032 0.0007 0.001)
(0.0033 0.0007 0.001)
(0.0034 0.0007 0.001)
(0.0035 0.0007 0.001)
(0.0036 0.0007 0.001)
(0.0037 0.0007 0.001)
(0.0038 0.0007 0.001)
(0.0039 0.0007 0.001)
(0.004 0.0007 0.001)
(0.0021 0.0008 0.001)
(0.0022 0.0008 0.001)
(0.0023 0.0008 0.001)
(0.0024 0.0008 0.001)
(0.0025 0.0008 0.001)
(0.0026 0.0008 0.001)
(0.0027 0.0008 0.001)
(0.0028 0.0008 0.001)
(0.0029 0.0008 0.001)
(0.003 0.0008 0.001)
(0.0031 0.0008 0.001)
(0.0032 0.0008 0.001)
(0.0033 0.0008 0.001)
(0.0034 0.0008 0.001)
(0.0035 0.0008 0.001)
(0.0036 0.0008 0.001)
(0.0037 0.0008 0.001)
(0.0038 0.0008 0.001)
(0.0039 0.0008 0.001)
(0.004 0.0008 0.001)
(0.0021 0.0009 0.001)
(0.0022 0.0009 0.001)
(0.0023 0.0009 0.001)
(0.0024 0.0009 0.001)
(0.0025 0.0009 0.001)
(0.0026 0.0009 0.001)
(0.0027 0.0009 0.001)
(0.0028 0.0009 0.001)
(0.0029 0.0009 0.001)
(0.003 0.0009 0.001)
(0.0031 0.0009 0.001)
(0.0032 0.0009 0.001)
(0.0033 0.0009 0.001)
(0.0034 0.0009 0.001)
(0.0035 0.0009 0.001)
(0.0036 0.0009 0.001)
(0.0037 0.0009 0.001)
(0.0038 0.0009 0.001)
(0.0039 0.0009 0.001)
(0.004 0.0009 0.001)
(0.0021 0.001 0.001)
(0.0022 0.001 0.001)
(0.0023 0.001 0.001)
(0.0024 0.001 0.001)
(0.0025 0.001 0.001)
(0.0026 0.001 0.001)
(0.0027 0.001 0.001)
(0.0028 0.001 0.001)
(0.0029 0.001 0.001)
(0.003 0.001 0.001)
(0.0031 0.001 0.001)
(0.0032 0.001 0.001)
(0.0033 0.001 0.001)
(0.0034 0.001 0.001)
(0.0035 0.001 0.001)
(0.0036 0.001 0.001)
(0.0037 0.001 0.001)
(0.0038 0.001 0.001)
(0.0039 0.001 0.001)
(0.004 0.001 0.001)
(0.002 -0.002 0)
(0.0021 -0.002 0)
(0.0022 -0.002 0)
(0.0023 -0.002 0)
(0.0024 -0.002 0)
(0.0025 -0.002 0)
(0.0026 -0.002 0)
(0.0027 -0.002 0)
(0.0028 -0.002 0)
(0.0029 -0.002 0)
(0.003 -0.002 0)
(0.0031 -0.002 0)
(0.0032 -0.002 0)
(0.0033 -0.002 0)
(0.0034 -0.002 0)
(0.0035 -0.002 0)
(0.0036 -0.002 0)
(0.0037 -0.002 0)
(0.0038 -0.002 0)
(0.0039 -0.002 0)
(0.004 -0.002 0)
(0.002 -0.0019 0)
(0.0021 -0.0019 0)
(0.0022 -0.0019 0)
(0.0023 -0.0019 0)
(0.0024 -0.0019 0)
(0.0025 -0.0019 0)
(0.0026 -0.0019 0)
(0.0027 -0.0019 0)
(0.0028 -0.0019 0)
(0.0029 -0.0019 0)
(0.003 -0.0019 0)
(0.0031 -0.0019 0)
(0.0032 -0.0019 0)
(0.0033 -0.0019 0)
(0.0034 -0.0019 0)
(0.0035 -0.0019 0)
(0.0036 -0.0019 0)
(0.0037 -0.0019 0)
(0.0038 -0.0019 0)
(0.0039 -0.0019 0)
(0.004 -0.0019 0)
(0.002 -0.0018 0)
(0.0021 -0.0018 0)
(0.0022 -0.0018 0)
(0.0023 -0.0018 0)
(0.0024 -0.0018 0)
(0.0025 -0.0018 0)
(0.0026 -0.0018 0)
(0.0027 -0.0018 0)
(0.0028 -0.0018 0)
(0.0029 -0.0018 0)
(0.003 -0.0018 0)
(0.0031 -0.0018 0)
(0.0032 -0.0018 0)
(0.0033 -0.0018 0)
(0.0034 -0.0018 0)
(0.0035 -0.0018 0)
(0.0036 -0.0018 0)
(0.0037 -0.0018 0)
(0.0038 -0.0018 0)
(0.0039 -0.0018 0)
(0.004 -0.0018 0)
(0.002 -0.0017 0)
(0.0021 -0.0017 0)
(0.0022 -0.0017 0)
(0.0023 -0.0017 0)
(0.0024 -0.0017 0)
(0.0025 -0.0017 0)
(0.0026 -0.0017 0)
(0.0027 -0.0017 0)
(0.0028 -0.0017 0)
(0.0029 -0.0017 0)
(0.003 -0.0017 0)
(0.0031 -0.0017 0)
(0.0032 -0.0017 0)
(0.0033 -0.0017 0)
(0.0034 -0.0017 0)
(0.0035 -0.0017 0)
(0.0036 -0.0017 0)
(0.0037 -0.0017 0)
(0.0038 -0.0017 0)
(0.0039 -0.0017 0)
(0.004 -0.0017 0)
(0.002 -0.0016 0)
(0.0021 -0.0016 0)
(0.0022 -0.0016 0)
(0.0023 -0.0016 0)
(0.0024 -0.0016 0)
(0.0025 -0.0016 0)
(0.0026 -0.0016 0)
(0.0027 -0.0016 0)
(0.0028 -0.0016 0)
(0.0029 -0.0016 0)
(0.003 -0.0016 0)
(0.0031 -0.0016 0)
(0.0032 -0.0016 0)
(0.0033 -0.0016 0)
(0.0034 -0.0016 0)
(0.0035 -0.0016 0)
(0.0036 -0.0016 0)
(0.0037 -0.0016 0)
(0.0038 -0.0016 0)
(0.0039 -0.0016 0)
(0.004 -0.0016 0)
(0.002 -0.0015 0)
(0.0021 -0.0015 0)
(0.0022 -0.0015 0)
(0.0023 -0.0015 0)
(0.0024 -0.0015 0)
(0.0025 -0.0015 0)
(0.0026 -0.0015 0)
(0.0027 -0.0015 0)
(0.0028 -0.0015 0)
(0.0029 -0.0015 0)
(0.003 -0.0015 0)
(0.0031 -0.0015 0)
(0.0032 -0.0015 0)
(0.0033 -0.0015 0)
(0.0034 -0.0015 0)
(0.0035 -0.0015 0)
(0.0036 -0.0015 0)
(0.0037 -0.0015 0)
(0.0038 -0.0015 0)
(0.0039 -0.0015 0)
(0.004 -0.0015 0)
(0.002 -0.0014 0)
(0.0021 -0.0014 0)
(0.0022 -0.0014 0)
(0.0023 -0.0014 0)
(0.0024 -0.0014 0)
(0.0025 -0.0014 0)
(0.0026 -0.0014 0)
(0.0027 -0.0014 0)
(0.0028 -0.0014 0)
(0.0029 -0.0014 0)
(0.003 -0.0014 0)
(0.0031 -0.0014 0)
(0.0032 -0.0014 0)
(0.0033 -0.0014 0)
(0.0034 -0.0014 0)
(0.0035 -0.0014 0)
(0.0036 -0.0014 0)
(0.0037 -0.0014 0)
(0.0038 -0.0014 0)
(0.0039 -0.0014 0)
(0.004 -0.0014 0)
(0.002 -0.0013 0)
(0.0021 -0.0013 0)
(0.0022 -0.0013 0)
(0.0023 -0.0013 0)
(0.0024 -0.0013 0)
(0.0025 -0.0013 0)
(0.0026 -0.0013 0)
(0.0027 -0.0013 0)
(0.0028 -0.0013 0)
(0.0029 -0.0013 0)
(0.003 -0.0013 0)
(0.0031 -0.0013 0)
(0.0032 -0.0013 0)
(0.0033 -0.0013 0)
(0.0034 -0.0013 0)
(0.0035 -0.0013 0)
(0.0036 -0.0013 0)
(0.0037 -0.0013 0)
(0.0038 -0.0013 0)
(0.0039 -0.0013 0)
(0.004 -0.0013 0)
(0.002 -0.0012 0)
(0.0021 -0.0012 0)
(0.0022 -0.0012 0)
(0.0023 -0.0012 0)
(0.0024 -0.0012 0)
(0.0025 -0.0012 0)
(0.0026 -0.0012 0)
(0.0027 -0.0012 0)
(0.0028 -0.0012 0)
(0.0029 -0.0012 0)
(0.003 -0.0012 0)
(0.0031 -0.0012 0)
(0.0032 -0.0012 0)
(0.0033 -0.0012 0)
(0.0034 -0.0012 0)
(0.0035 -0.0012 0)
(0.0036 -0.0012 0)
(0.0037 -0.0012 0)
(0.0038 -0.0012 0)
(0.0039 -0.0012 0)
(0.004 -0.0012 0)
(0.002 -0.0011 0)
(0.0021 -0.0011 0)
(0.0022 -0.0011 0)
(0.0023 -0.0011 0)
(0.0024 -0.0011 0)
(0.0025 -0.0011 0)
(0.0026 -0.0011 0)
(0.0027 -0.0011 0)
(0.0028 -0.0011 0)
(0.0029 -0.0011 0)
(0.003 -0.0011 0)
(0.0031 -0.0011 0)
(0.0032 -0.0011 0)
(0.0033 -0.0011 0)
(0.0034 -0.0011 0)
(0.0035 -0.0011 0)
(0.0036 -0.0011 0)
(0.0037 -0.0011 0)
(0.0038 -0.0011 0)
(0.0039 -0.0011 0)
(0.004 -0.0011 0)
(0.002 -0.001 0)
(0.0021 -0.001 0)
(0.0022 -0.001 0)
(0.0023 -0.001 0)
(0.0024 -0.001 0)
(0.0025 -0.001 0)
(0.0026 -0.001 0)
(0.0027 -0.001 0)
(0.0028 -0.001 0)
(0.0029 -0.001 0)
(0.003 -0.001 0)
(0.0031 -0.001 0)
(0.0032 -0.001 0)
(0.0033 -0.001 0)
(0.0034 -0.001 0)
(0.0035 -0.001 0)
(0.0036 -0.001 0)
(0.0037 -0.001 0)
(0.0038 -0.001 0)
(0.0039 -0.001 0)
(0.004 -0.001 0)
(0.002 -0.0009 0)
(0.0021 -0.0009 0)
(0.0022 -0.0009 0)
(0.0023 -0.0009 0)
(0.0024 -0.0009 0)
(0.0025 -0.0009 0)
(0.0026 -0.0009 0)
(0.0027 -0.0009 0)
(0.0028 -0.0009 0)
(0.0029 -0.0009 0)
(0.003 -0.0009 0)
(0.0031 -0.0009 0)
(0.0032 -0.0009 0)
(0.0033 -0.0009 0)
(0.0034 -0.0009 0)
(0.0035 -0.0009 0)
(0.0036 -0.0009 0)
(0.0037 -0.0009 0)
(0.0038 -0.0009 0)
(0.0039 -0.0009 0)
(0.004 -0.0009 0)
(0.002 -0.0008 0)
(0.0021 -0.0008 0)
(0.0022 -0.0008 0)
(0.0023 -0.0008 0)
(0.0024 -0.0008 0)
(0.0025 -0.0008 0)
(0.0026 -0.0008 0)
(0.0027 -0.0008 0)
(0.0028 -0.0008 0)
(0.0029 -0.0008 0)
(0.003 -0.0008 0)
(0.0031 -0.0008 0)
(0.0032 -0.0008 0)
(0.0033 -0.0008 0)
(0.0034 -0.0008 0)
(0.0035 -0.0008 0)
(0.0036 -0.0008 0)
(0.0037 -0.0008 0)
(0.0038 -0.0008 0)
(0.0039 -0.0008 0)
(0.004 -0.0008 0)
(0.002 -0.0007 0)
(0.0021 -0.0007 0)
(0.0022 -0.0007 0)
(0.0023 -0.0007 0)
(0.0024 -0.0007 0)
(0.0025 -0.0007 0)
(0.0026 -0.0007 0)
(0.0027 -0.0007 0)
(0.0028 -0.0007 0)
(0.0029 -0.0007 0)
(0.003 -0.0007 0)
(0.0031 -0.0007 0)
(0.0032 -0.0007 0)
(0.0033 -0.0007 0)
(0.0034 -0.0007 0)
(0.0035 -0.0007 0)
(0.0036 -0.0007 0)
(0.0037 -0.0007 0)
(0.0038 -0.0007 0)
(0.0039 -0.0007 0)
(0.004 -0.0007 0)
(0.002 -0.0006 0)
(0.0021 -0.0006 0)
(0.0022 -0.0006 0)
(0.0023 -0.0006 0)
(0.0024 -0.0006 0)
(0.0025 -0.0006 0)
(0.0026 -0.0006 0)
(0.0027 -0.0006 0)
(0.0028 -0.0006 0)
(0.0029 -0.0006 0)
(0.003 -0.0006 0)
(0.0031 -0.0006 0)
(0.0032 -0.0006 0)
(0.0033 -0.0006 0)
(0.0034 -0.0006 0)
(0.0035 -0.0006 0)
(0.0036 -0.0006 0)
(0.0037 -0.0006 0)
(0.0038 -0.0006 0)
(0.0039 -0.0006 0)
(0.004 -0.0006 0)
(0.002 -0.0005 0)
(0.0021 -0.0005 0)
(0.0022 -0.0005 0)
(0.0023 -0.0005 0)
(0.0024 -0.0005 0)
(0.0025 -0.0005 0)
(0.0026 -0.0005 0)
(0.0027 -0.0005 0)
(0.0028 -0.0005 0)
(0.0029 -0.0005 0)
(0.003 -0.0005 0)
(0.0031 -0.0005 0)
(0.0032 -0.0005 0)
(0.0033 -0.0005 0)
(0.0034 -0.0005 0)
(0.0035 -0.0005 0)
(0.0036 -0.0005 0)
(0.0037 -0.0005 0)
(0.0038 -0.0005 0)
(0.0039 -0.0005 0)
(0.004 -0.0005 0)
(0.002 -0.0004 0)
(0.0021 -0.0004 0)
(0.0022 -0.0004 0)
(0.0023 -0.0004 0)
(0.0024 -0.0004 0)
(0.0025 -0.0004 0)
(0.0026 -0.0004 0)
(0.0027 -0.0004 0)
(0.0028 -0.0004 0)
(0.0029 -0.0004 0)
(0.003 -0.0004 0)
(0.0031 -0.0004 0)
(0.0032 -0.0004 0)
(0.0033 -0.0004 0)
(0.0034 -0.0004 0)
(0.0035 -0.0004 0)
(0.0036 -0.0004 0)
(0.0037 -0.0004 0)
(0.0038 -0.0004 0)
(0.0039 -0.0004 0)
(0.004 -0.0004 0)
(0.002 -0.0003 0)
(0.0021 -0.0003 0)
(0.0022 -0.0003 0)
(0.0023 -0.0003 0)
(0.0024 -0.0003 0)
(0.0025 -0.0003 0)
(0.0026 -0.0003 0)
(0.0027 -0.0003 0)
(0.0028 -0.0003 0)
(0.0029 -0.0003 0)
(0.003 -0.0003 0)
(0.0031 -0.0003 0)
(0.0032 -0.0003 0)
(0.0033 -0.0003 0)
(0.0034 -0.0003 0)
(0.0035 -0.0003 0)
(0.0036 -0.0003 0)
(0.0037 -0.0003 0)
(0.0038 -0.0003 0)
(0.0039 -0.0003 0)
(0.004 -0.0003 0)
(0.002 -0.0002 0)
(0.0021 -0.0002 0)
(0.0022 -0.0002 0)
(0.0023 -0.0002 0)
(0.0024 -0.0002 0)
(0.0025 -0.0002 0)
(0.0026 -0.0002 0)
(0.0027 -0.0002 0)
(0.0028 -0.0002 0)
(0.0029 -0.0002 0)
(0.003 -0.0002 0)
(0.0031 -0.0002 0)
(0.0032 -0.0002 0)
(0.0033 -0.0002 0)
(0.0034 -0.0002 0)
(0.0035 -0.0002 0)
(0.0036 -0.0002 0)
(0.0037 -0.0002 0)
(0.0038 -0.0002 0)
(0.0039 -0.0002 0)
(0.004 -0.0002 0)
(0.002 -0.0001 0)
(0.0021 -0.0001 0)
(0.0022 -0.0001 0)
(0.0023 -0.0001 0)
(0.0024 -0.0001 0)
(0.0025 -0.0001 0)
(0.0026 -0.0001 0)
(0.0027 -0.0001 0)
(0.0028 -0.0001 0)
(0.0029 -0.0001 0)
(0.003 -0.0001 0)
(0.0031 -0.0001 0)
(0.0032 -0.0001 0)
(0.0033 -0.0001 0)
(0.0034 -0.0001 0)
(0.0035 -0.0001 0)
(0.0036 -0.0001 0)
(0.0037 -0.0001 0)
(0.0038 -0.0001 0)
(0.0039 -0.0001 0)
(0.004 -0.0001 0)
(0.002 -0.002 0.001)
(0.0021 -0.002 0.001)
(0.0022 -0.002 0.001)
(0.0023 -0.002 0.001)
(0.0024 -0.002 0.001)
(0.0025 -0.002 0.001)
(0.0026 -0.002 0.001)
(0.0027 -0.002 0.001)
(0.0028 -0.002 0.001)
(0.0029 -0.002 0.001)
(0.003 -0.002 0.001)
(0.0031 -0.002 0.001)
(0.0032 -0.002 0.001)
(0.0033 -0.002 0.001)
(0.0034 -0.002 0.001)
(0.0035 -0.002 0.001)
(0.0036 -0.002 0.001)
(0.0037 -0.002 0.001)
(0.0038 -0.002 0.001)
(0.0039 -0.002 0.001)
(0.004 -0.002 0.001)
(0.002 -0.0019 0.001)
(0.0021 -0.0019 0.001)
(0.0022 -0.0019 0.001)
(0.0023 -0.0019 0.001)
(0.0024 -0.0019 0.001)
(0.0025 -0.0019 0.001)
(0.0026 -0.0019 0.001)
(0.0027 -0.0019 0.001)
(0.0028 -0.0019 0.001)
(0.0029 -0.0019 0.001)
(0.003 -0.0019 0.001)
(0.0031 -0.0019 0.001)
(0.0032 -0.0019 0.001)
(0.0033 -0.0019 0.001)
(0.0034 -0.0019 0.001)
(0.0035 -0.0019 0.001)
(0.0036 -0.0019 0.001)
(0.0037 -0.0019 0.001)
(0.0038 -0.0019 0.001)
(0.0039 -0.0019 0.001)
(0.004 -0.0019 0.001)
(0.002 -0.0018 0.001)
(0.0021 -0.0018 0.001)
(0.0022 -0.0018 0.001)
(0.0023 -0.0018 0.001)
(0.0024 -0.0018 0.001)
(0.0025 -0.0018 0.001)
(0.0026 -0.0018 0.001)
(0.0027 -0.0018 0.001)
(0.0028 -0.0018 0.001)
(0.0029 -0.0018 0.001)
(0.003 -0.0018 0.001)
(0.0031 -0.0018 0.001)
(0.0032 -0.0018 0.001)
(0.0033 -0.0018 0.001)
(0.0034 -0.0018 0.001)
(0.0035 -0.0018 0.001)
(0.0036 -0.0018 0.001)
(0.0037 -0.0018 0.001)
(0.0038 -0.0018 0.001)
(0.0039 -0.0018 0.001)
(0.004 -0.0018 0.001)
(0.002 -0.0017 0.001)
(0.0021 -0.0017 0.001)
(0.0022 -0.0017 0.001)
(0.0023 -0.0017 0.001)
(0.0024 -0.0017 0.001)
(0.0025 -0.0017 0.001)
(0.0026 -0.0017 0.001)
(0.0027 -0.0017 0.001)
(0.0028 -0.0017 0.001)
(0.0029 -0.0017 0.001)
(0.003 -0.0017 0.001)
(0.0031 -0.0017 0.001)
(0.0032 -0.0017 0.001)
(0.0033 -0.0017 0.001)
(0.0034 -0.0017 0.001)
(0.0035 -0.0017 0.001)
(0.0036 -0.0017 0.001)
(0.0037 -0.0017 0.001)
(0.0038 -0.0017 0.001)
(0.0039 -0.0017 0.001)
(0.004 -0.0017 0.001)
(0.002 -0.0016 0.001)
(0.0021 -0.0016 0.001)
(0.0022 -0.0016 0.001)
(0.0023 -0.0016 0.001)
(0.0024 -0.0016 0.001)
(0.0025 -0.0016 0.001)
(0.0026 -0.0016 0.001)
(0.0027 -0.0016 0.001)
(0.0028 -0.0016 0.001)
(0.0029 -0.0016 0.001)
(0.003 -0.0016 0.001)
(0.0031 -0.0016 0.001)
(0.0032 -0.0016 0.001)
(0.0033 -0.0016 0.001)
(0.0034 -0.0016 0.001)
(0.0035 -0.0016 0.001)
(0.0036 -0.0016 0.001)
(0.0037 -0.0016 0.001)
(0.0038 -0.0016 0.001)
(0.0039 -0.0016 0.001)
(0.004 -0.0016 0.001)
(0.002 -0.0015 0.001)
(0.0021 -0.0015 0.001)
(0.0022 -0.0015 0.001)
(0.0023 -0.0015 0.001)
(0.0024 -0.0015 0.001)
(0.0025 -0.0015 0.001)
(0.0026 -0.0015 0.001)
(0.0027 -0.0015 0.001)
(0.0028 -0.0015 0.001)
(0.0029 -0.0015 0.001)
(0.003 -0.0015 0.001)
(0.0031 -0.0015 0.001)
(0.0032 -0.0015 0.001)
(0.0033 -0.0015 0.001)
(0.0034 -0.0015 0.001)
(0.0035 -0.0015 0.001)
(0.0036 -0.0015 0.001)
(0.0037 -0.0015 0.001)
(0.0038 -0.0015 0.001)
(0.0039 -0.0015 0.001)
(0.004 -0.0015 0.001)
(0.002 -0.0014 0.001)
(0.0021 -0.0014 0.001)
(0.0022 -0.0014 0.001)
(0.0023 -0.0014 0.001)
(0.0024 -0.0014 0.001)
(0.0025 -0.0014 0.001)
(0.0026 -0.0014 0.001)
(0.0027 -0.0014 0.001)
(0.0028 -0.0014 0.001)
(0.0029 -0.0014 0.001)
(0.003 -0.0014 0.001)
(0.0031 -0.0014 0.001)
(0.0032 -0.0014 0.001)
(0.0033 -0.0014 0.001)
(0.0034 -0.0014 0.001)
(0.0035 -0.0014 0.001)
(0.0036 -0.0014 0.001)
(0.0037 -0.0014 0.001)
(0.0038 -0.0014 0.001)
(0.0039 -0.0014 0.001)
(0.004 -0.0014 0.001)
(0.002 -0.0013 0.001)
(0.0021 -0.0013 0.001)
(0.0022 -0.0013 0.001)
(0.0023 -0.0013 0.001)
(0.0024 -0.0013 0.001)
(0.0025 -0.0013 0.001)
(0.0026 -0.0013 0.001)
(0.0027 -0.0013 0.001)
(0.0028 -0.0013 0.001)
(0.0029 -0.0013 0.001)
(0.003 -0.0013 0.001)
(0.0031 -0.0013 0.001)
(0.0032 -0.0013 0.001)
(0.0033 -0.0013 0.001)
(0.0034 -0.0013 0.001)
(0.0035 -0.0013 0.001)
(0.0036 -0.0013 0.001)
(0.0037 -0.0013 0.001)
(0.0038 -0.0013 0.001)
(0.0039 -0.0013 0.001)
(0.004 -0.0013 0.001)
(0.002 -0.0012 0.001)
(0.0021 -0.0012 0.001)
(0.0022 -0.0012 0.001)
(0.0023 -0.0012 0.001)
(0.0024 -0.0012 0.001)
(0.0025 -0.0012 0.001)
(0.0026 -0.0012 0.001)
(0.0027 -0.0012 0.001)
(0.0028 -0.0012 0.001)
(0.0029 -0.0012 0.001)
(0.003 -0.0012 0.001)
(0.0031 -0.0012 0.001)
(0.0032 -0.0012 0.001)
(0.0033 -0.0012 0.001)
(0.0034 -0.0012 0.001)
(0.0035 -0.0012 0.001)
(0.0036 -0.0012 0.001)
(0.0037 -0.0012 0.001)
(0.0038 -0.0012 0.001)
(0.0039 -0.0012 0.001)
(0.004 -0.0012 0.001)
(0.002 -0.0011 0.001)
(0.0021 -0.0011 0.001)
(0.0022 -0.0011 0.001)
(0.0023 -0.0011 0.001)
(0.0024 -0.0011 0.001)
(0.0025 -0.0011 0.001)
(0.0026 -0.0011 0.001)
(0.0027 -0.0011 0.001)
(0.0028 -0.0011 0.001)
(0.0029 -0.0011 0.001)
(0.003 -0.0011 0.001)
(0.0031 -0.0011 0.001)
(0.0032 -0.0011 0.001)
(0.0033 -0.0011 0.001)
(0.0034 -0.0011 0.001)
(0.0035 -0.0011 0.001)
(0.0036 -0.0011 0.001)
(0.0037 -0.0011 0.001)
(0.0038 -0.0011 0.001)
(0.0039 -0.0011 0.001)
(0.004 -0.0011 0.001)
(0.002 -0.001 0.001)
(0.0021 -0.001 0.001)
(0.0022 -0.001 0.001)
(0.0023 -0.001 0.001)
(0.0024 -0.001 0.001)
(0.0025 -0.001 0.001)
(0.0026 -0.001 0.001)
(0.0027 -0.001 0.001)
(0.0028 -0.001 0.001)
(0.0029 -0.001 0.001)
(0.003 -0.001 0.001)
(0.0031 -0.001 0.001)
(0.0032 -0.001 0.001)
(0.0033 -0.001 0.001)
(0.0034 -0.001 0.001)
(0.0035 -0.001 0.001)
(0.0036 -0.001 0.001)
(0.0037 -0.001 0.001)
(0.0038 -0.001 0.001)
(0.0039 -0.001 0.001)
(0.004 -0.001 0.001)
(0.002 -0.0009 0.001)
(0.0021 -0.0009 0.001)
(0.0022 -0.0009 0.001)
(0.0023 -0.0009 0.001)
(0.0024 -0.0009 0.001)
(0.0025 -0.0009 0.001)
(0.0026 -0.0009 0.001)
(0.0027 -0.0009 0.001)
(0.0028 -0.0009 0.001)
(0.0029 -0.0009 0.001)
(0.003 -0.0009 0.001)
(0.0031 -0.0009 0.001)
(0.0032 -0.0009 0.001)
(0.0033 -0.0009 0.001)
(0.0034 -0.0009 0.001)
(0.0035 -0.0009 0.001)
(0.0036 -0.0009 0.001)
(0.0037 -0.0009 0.001)
(0.0038 -0.0009 0.001)
(0.0039 -0.0009 0.001)
(0.004 -0.0009 0.001)
(0.002 -0.0008 0.001)
(0.0021 -0.0008 0.001)
(0.0022 -0.0008 0.001)
(0.0023 -0.0008 0.001)
(0.0024 -0.0008 0.001)
(0.0025 -0.0008 0.001)
(0.0026 -0.0008 0.001)
(0.0027 -0.0008 0.001)
(0.0028 -0.0008 0.001)
(0.0029 -0.0008 0.001)
(0.003 -0.0008 0.001)
(0.0031 -0.0008 0.001)
(0.0032 -0.0008 0.001)
(0.0033 -0.0008 0.001)
(0.0034 -0.0008 0.001)
(0.0035 -0.0008 0.001)
(0.0036 -0.0008 0.001)
(0.0037 -0.0008 0.001)
(0.0038 -0.0008 0.001)
(0.0039 -0.0008 0.001)
(0.004 -0.0008 0.001)
(0.002 -0.0007 0.001)
(0.0021 -0.0007 0.001)
(0.0022 -0.0007 0.001)
(0.0023 -0.0007 0.001)
(0.0024 -0.0007 0.001)
(0.0025 -0.0007 0.001)
(0.0026 -0.0007 0.001)
(0.0027 -0.0007 0.001)
(0.0028 -0.0007 0.001)
(0.0029 -0.0007 0.001)
(0.003 -0.0007 0.001)
(0.0031 -0.0007 0.001)
(0.0032 -0.0007 0.001)
(0.0033 -0.0007 0.001)
(0.0034 -0.0007 0.001)
(0.0035 -0.0007 0.001)
(0.0036 -0.0007 0.001)
(0.0037 -0.0007 0.001)
(0.0038 -0.0007 0.001)
(0.0039 -0.0007 0.001)
(0.004 -0.0007 0.001)
(0.002 -0.0006 0.001)
(0.0021 -0.0006 0.001)
(0.0022 -0.0006 0.001)
(0.0023 -0.0006 0.001)
(0.0024 -0.0006 0.001)
(0.0025 -0.0006 0.001)
(0.0026 -0.0006 0.001)
(0.0027 -0.0006 0.001)
(0.0028 -0.0006 0.001)
(0.0029 -0.0006 0.001)
(0.003 -0.0006 0.001)
(0.0031 -0.0006 0.001)
(0.0032 -0.0006 0.001)
(0.0033 -0.0006 0.001)
(0.0034 -0.0006 0.001)
(0.0035 -0.0006 0.001)
(0.0036 -0.0006 0.001)
(0.0037 -0.0006 0.001)
(0.0038 -0.0006 0.001)
(0.0039 -0.0006 0.001)
(0.004 -0.0006 0.001)
(0.002 -0.0005 0.001)
(0.0021 -0.0005 0.001)
(0.0022 -0.0005 0.001)
(0.0023 -0.0005 0.001)
(0.0024 -0.0005 0.001)
(0.0025 -0.0005 0.001)
(0.0026 -0.0005 0.001)
(0.0027 -0.0005 0.001)
(0.0028 -0.0005 0.001)
(0.0029 -0.0005 0.001)
(0.003 -0.0005 0.001)
(0.0031 -0.0005 0.001)
(0.0032 -0.0005 0.001)
(0.0033 -0.0005 0.001)
(0.0034 -0.0005 0.001)
(0.0035 -0.0005 0.001)
(0.0036 -0.0005 0.001)
(0.0037 -0.0005 0.001)
(0.0038 -0.0005 0.001)
(0.0039 -0.0005 0.001)
(0.004 -0.0005 0.001)
(0.002 -0.0004 0.001)
(0.0021 -0.0004 0.001)
(0.0022 -0.0004 0.001)
(0.0023 -0.0004 0.001)
(0.0024 -0.0004 0.001)
(0.0025 -0.0004 0.001)
(0.0026 -0.0004 0.001)
(0.0027 -0.0004 0.001)
(0.0028 -0.0004 0.001)
(0.0029 -0.0004 0.001)
(0.003 -0.0004 0.001)
(0.0031 -0.0004 0.001)
(0.0032 -0.0004 0.001)
(0.0033 -0.0004 0.001)
(0.0034 -0.0004 0.001)
(0.0035 -0.0004 0.001)
(0.0036 -0.0004 0.001)
(0.0037 -0.0004 0.001)
(0.0038 -0.0004 0.001)
(0.0039 -0.0004 0.001)
(0.004 -0.0004 0.001)
(0.002 -0.0003 0.001)
(0.0021 -0.0003 0.001)
(0.0022 -0.0003 0.001)
(0.0023 -0.0003 0.001)
(0.0024 -0.0003 0.001)
(0.0025 -0.0003 0.001)
(0.0026 -0.0003 0.001)
(0.0027 -0.0003 0.001)
(0.0028 -0.0003 0.001)
(0.0029 -0.0003 0.001)
(0.003 -0.0003 0.001)
(0.0031 -0.0003 0.001)
(0.0032 -0.0003 0.001)
(0.0033 -0.0003 0.001)
(0.0034 -0.0003 0.001)
(0.0035 -0.0003 0.001)
(0.0036 -0.0003 0.001)
(0.0037 -0.0003 0.001)
(0.0038 -0.0003 0.001)
(0.0039 -0.0003 0.001)
(0.004 -0.0003 0.001)
(0.002 -0.0002 0.001)
(0.0021 -0.0002 0.001)
(0.0022 -0.0002 0.001)
(0.0023 -0.0002 0.001)
(0.0024 -0.0002 0.001)
(0.0025 -0.0002 0.001)
(0.0026 -0.0002 0.001)
(0.0027 -0.0002 0.001)
(0.0028 -0.0002 0.001)
(0.0029 -0.0002 0.001)
(0.003 -0.0002 0.001)
(0.0031 -0.0002 0.001)
(0.0032 -0.0002 0.001)
(0.0033 -0.0002 0.001)
(0.0034 -0.0002 0.001)
(0.0035 -0.0002 0.001)
(0.0036 -0.0002 0.001)
(0.0037 -0.0002 0.001)
(0.0038 -0.0002 0.001)
(0.0039 -0.0002 0.001)
(0.004 -0.0002 0.001)
(0.002 -0.0001 0.001)
(0.0021 -0.0001 0.001)
(0.0022 -0.0001 0.001)
(0.0023 -0.0001 0.001)
(0.0024 -0.0001 0.001)
(0.0025 -0.0001 0.001)
(0.0026 -0.0001 0.001)
(0.0027 -0.0001 0.001)
(0.0028 -0.0001 0.001)
(0.0029 -0.0001 0.001)
(0.003 -0.0001 0.001)
(0.0031 -0.0001 0.001)
(0.0032 -0.0001 0.001)
(0.0033 -0.0001 0.001)
(0.0034 -0.0001 0.001)
(0.0035 -0.0001 0.001)
(0.0036 -0.0001 0.001)
(0.0037 -0.0001 0.001)
(0.0038 -0.0001 0.001)
(0.0039 -0.0001 0.001)
(0.004 -0.0001 0.001)
(0.0041 0 0)
(0.0042 0 0)
(0.0043 0 0)
(0.0044 0 0)
(0.0045 0 0)
(0.0046 0 0)
(0.0047 0 0)
(0.0048 0 0)
(0.0049 0 0)
(0.005 0 0)
(0.0051 0 0)
(0.0052 0 0)
(0.0053 0 0)
(0.0054 0 0)
(0.0055 0 0)
(0.0056 0 0)
(0.0057 0 0)
(0.0058 0 0)
(0.0059 0 0)
(0.006 0 0)
(0.0041 0.0001 0)
(0.0042 0.0001 0)
(0.0043 0.0001 0)
(0.0044 0.0001 0)
(0.0045 0.0001 0)
(0.0046 0.0001 0)
(0.0047 0.0001 0)
(0.0048 0.0001 0)
(0.0049 0.0001 0)
(0.005 0.0001 0)
(0.0051 0.0001 0)
(0.0052 0.0001 0)
(0.0053 0.0001 0)
(0.0054 0.0001 0)
(0.0055 0.0001 0)
(0.0056 0.0001 0)
(0.0057 0.0001 0)
(0.0058 0.0001 0)
(0.0059 0.0001 0)
(0.006 0.0001 0)
(0.0041 0.0002 0)
(0.0042 0.0002 0)
(0.0043 0.0002 0)
(0.0044 0.0002 0)
(0.0045 0.0002 0)
(0.0046 0.0002 0)
(0.0047 0.0002 0)
(0.0048 0.0002 0)
(0.0049 0.0002 0)
(0.005 0.0002 0)
(0.0051 0.0002 0)
(0.0052 0.0002 0)
(0.0053 0.0002 0)
(0.0054 0.0002 0)
(0.0055 0.0002 0)
(0.0056 0.0002 0)
(0.0057 0.0002 0)
(0.0058 0.0002 0)
(0.0059 0.0002 0)
(0.006 0.0002 0)
(0.0041 0.0003 0)
(0.0042 0.0003 0)
(0.0043 0.0003 0)
(0.0044 0.0003 0)
(0.0045 0.0003 0)
(0.0046 0.0003 0)
(0.0047 0.0003 0)
(0.0048 0.0003 0)
(0.0049 0.0003 0)
(0.005 0.0003 0)
(0.0051 0.0003 0)
(0.0052 0.0003 0)
(0.0053 0.0003 0)
(0.0054 0.0003 0)
(0.0055 0.0003 0)
(0.0056 0.0003 0)
(0.0057 0.0003 0)
(0.0058 0.0003 0)
(0.0059 0.0003 0)
(0.006 0.0003 0)
(0.0041 0.0004 0)
(0.0042 0.0004 0)
(0.0043 0.0004 0)
(0.0044 0.0004 0)
(0.0045 0.0004 0)
(0.0046 0.0004 0)
(0.0047 0.0004 0)
(0.0048 0.0004 0)
(0.0049 0.0004 0)
(0.005 0.0004 0)
(0.0051 0.0004 0)
(0.0052 0.0004 0)
(0.0053 0.0004 0)
(0.0054 0.0004 0)
(0.0055 0.0004 0)
(0.0056 0.0004 0)
(0.0057 0.0004 0)
(0.0058 0.0004 0)
(0.0059 0.0004 0)
(0.006 0.0004 0)
(0.0041 0.0005 0)
(0.0042 0.0005 0)
(0.0043 0.0005 0)
(0.0044 0.0005 0)
(0.0045 0.0005 0)
(0.0046 0.0005 0)
(0.0047 0.0005 0)
(0.0048 0.0005 0)
(0.0049 0.0005 0)
(0.005 0.0005 0)
(0.0051 0.0005 0)
(0.0052 0.0005 0)
(0.0053 0.0005 0)
(0.0054 0.0005 0)
(0.0055 0.0005 0)
(0.0056 0.0005 0)
(0.0057 0.0005 0)
(0.0058 0.0005 0)
(0.0059 0.0005 0)
(0.006 0.0005 0)
(0.0041 0.0006 0)
(0.0042 0.0006 0)
(0.0043 0.0006 0)
(0.0044 0.0006 0)
(0.0045 0.0006 0)
(0.0046 0.0006 0)
(0.0047 0.0006 0)
(0.0048 0.0006 0)
(0.0049 0.0006 0)
(0.005 0.0006 0)
(0.0051 0.0006 0)
(0.0052 0.0006 0)
(0.0053 0.0006 0)
(0.0054 0.0006 0)
(0.0055 0.0006 0)
(0.0056 0.0006 0)
(0.0057 0.0006 0)
(0.0058 0.0006 0)
(0.0059 0.0006 0)
(0.006 0.0006 0)
(0.0041 0.0007 0)
(0.0042 0.0007 0)
(0.0043 0.0007 0)
(0.0044 0.0007 0)
(0.0045 0.0007 0)
(0.0046 0.0007 0)
(0.0047 0.0007 0)
(0.0048 0.0007 0)
(0.0049 0.0007 0)
(0.005 0.0007 0)
(0.0051 0.0007 0)
(0.0052 0.0007 0)
(0.0053 0.0007 0)
(0.0054 0.0007 0)
(0.0055 0.0007 0)
(0.0056 0.0007 0)
(0.0057 0.0007 0)
(0.0058 0.0007 0)
(0.0059 0.0007 0)
(0.006 0.0007 0)
(0.0041 0.0008 0)
(0.0042 0.0008 0)
(0.0043 0.0008 0)
(0.0044 0.0008 0)
(0.0045 0.0008 0)
(0.0046 0.0008 0)
(0.0047 0.0008 0)
(0.0048 0.0008 0)
(0.0049 0.0008 0)
(0.005 0.0008 0)
(0.0051 0.0008 0)
(0.0052 0.0008 0)
(0.0053 0.0008 0)
(0.0054 0.0008 0)
(0.0055 0.0008 0)
(0.0056 0.0008 0)
(0.0057 0.0008 0)
(0.0058 0.0008 0)
(0.0059 0.0008 0)
(0.006 0.0008 0)
(0.0041 0.0009 0)
(0.0042 0.0009 0)
(0.0043 0.0009 0)
(0.0044 0.0009 0)
(0.0045 0.0009 0)
(0.0046 0.0009 0)
(0.0047 0.0009 0)
(0.0048 0.0009 0)
(0.0049 0.0009 0)
(0.005 0.0009 0)
(0.0051 0.0009 0)
(0.0052 0.0009 0)
(0.0053 0.0009 0)
(0.0054 0.0009 0)
(0.0055 0.0009 0)
(0.0056 0.0009 0)
(0.0057 0.0009 0)
(0.0058 0.0009 0)
(0.0059 0.0009 0)
(0.006 0.0009 0)
(0.0041 0.001 0)
(0.0042 0.001 0)
(0.0043 0.001 0)
(0.0044 0.001 0)
(0.0045 0.001 0)
(0.0046 0.001 0)
(0.0047 0.001 0)
(0.0048 0.001 0)
(0.0049 0.001 0)
(0.005 0.001 0)
(0.0051 0.001 0)
(0.0052 0.001 0)
(0.0053 0.001 0)
(0.0054 0.001 0)
(0.0055 0.001 0)
(0.0056 0.001 0)
(0.0057 0.001 0)
(0.0058 0.001 0)
(0.0059 0.001 0)
(0.006 0.001 0)
(0.0041 0 0.001)
(0.0042 0 0.001)
(0.0043 0 0.001)
(0.0044 0 0.001)
(0.0045 0 0.001)
(0.0046 0 0.001)
(0.0047 0 0.001)
(0.0048 0 0.001)
(0.0049 0 0.001)
(0.005 0 0.001)
(0.0051 0 0.001)
(0.0052 0 0.001)
(0.0053 0 0.001)
(0.0054 0 0.001)
(0.0055 0 0.001)
(0.0056 0 0.001)
(0.0057 0 0.001)
(0.0058 0 0.001)
(0.0059 0 0.001)
(0.006 0 0.001)
(0.0041 0.0001 0.001)
(0.0042 0.0001 0.001)
(0.0043 0.0001 0.001)
(0.0044 0.0001 0.001)
(0.0045 0.0001 0.001)
(0.0046 0.0001 0.001)
(0.0047 0.0001 0.001)
(0.0048 0.0001 0.001)
(0.0049 0.0001 0.001)
(0.005 0.0001 0.001)
(0.0051 0.0001 0.001)
(0.0052 0.0001 0.001)
(0.0053 0.0001 0.001)
(0.0054 0.0001 0.001)
(0.0055 0.0001 0.001)
(0.0056 0.0001 0.001)
(0.0057 0.0001 0.001)
(0.0058 0.0001 0.001)
(0.0059 0.0001 0.001)
(0.006 0.0001 0.001)
(0.0041 0.0002 0.001)
(0.0042 0.0002 0.001)
(0.0043 0.0002 0.001)
(0.0044 0.0002 0.001)
(0.0045 0.0002 0.001)
(0.0046 0.0002 0.001)
(0.0047 0.0002 0.001)
(0.0048 0.0002 0.001)
(0.0049 0.0002 0.001)
(0.005 0.0002 0.001)
(0.0051 0.0002 0.001)
(0.0052 0.0002 0.001)
(0.0053 0.0002 0.001)
(0.0054 0.0002 0.001)
(0.0055 0.0002 0.001)
(0.0056 0.0002 0.001)
(0.0057 0.0002 0.001)
(0.0058 0.0002 0.001)
(0.0059 0.0002 0.001)
(0.006 0.0002 0.001)
(0.0041 0.0003 0.001)
(0.0042 0.0003 0.001)
(0.0043 0.0003 0.001)
(0.0044 0.0003 0.001)
(0.0045 0.0003 0.001)
(0.0046 0.0003 0.001)
(0.0047 0.0003 0.001)
(0.0048 0.0003 0.001)
(0.0049 0.0003 0.001)
(0.005 0.0003 0.001)
(0.0051 0.0003 0.001)
(0.0052 0.0003 0.001)
(0.0053 0.0003 0.001)
(0.0054 0.0003 0.001)
(0.0055 0.0003 0.001)
(0.0056 0.0003 0.001)
(0.0057 0.0003 0.001)
(0.0058 0.0003 0.001)
(0.0059 0.0003 0.001)
(0.006 0.0003 0.001)
(0.0041 0.0004 0.001)
(0.0042 0.0004 0.001)
(0.0043 0.0004 0.001)
(0.0044 0.0004 0.001)
(0.0045 0.0004 0.001)
(0.0046 0.0004 0.001)
(0.0047 0.0004 0.001)
(0.0048 0.0004 0.001)
(0.0049 0.0004 0.001)
(0.005 0.0004 0.001)
(0.0051 0.0004 0.001)
(0.0052 0.0004 0.001)
(0.0053 0.0004 0.001)
(0.0054 0.0004 0.001)
(0.0055 0.0004 0.001)
(0.0056 0.0004 0.001)
(0.0057 0.0004 0.001)
(0.0058 0.0004 0.001)
(0.0059 0.0004 0.001)
(0.006 0.0004 0.001)
(0.0041 0.0005 0.001)
(0.0042 0.0005 0.001)
(0.0043 0.0005 0.001)
(0.0044 0.0005 0.001)
(0.0045 0.0005 0.001)
(0.0046 0.0005 0.001)
(0.0047 0.0005 0.001)
(0.0048 0.0005 0.001)
(0.0049 0.0005 0.001)
(0.005 0.0005 0.001)
(0.0051 0.0005 0.001)
(0.0052 0.0005 0.001)
(0.0053 0.0005 0.001)
(0.0054 0.0005 0.001)
(0.0055 0.0005 0.001)
(0.0056 0.0005 0.001)
(0.0057 0.0005 0.001)
(0.0058 0.0005 0.001)
(0.0059 0.0005 0.001)
(0.006 0.0005 0.001)
(0.0041 0.0006 0.001)
(0.0042 0.0006 0.001)
(0.0043 0.0006 0.001)
(0.0044 0.0006 0.001)
(0.0045 0.0006 0.001)
(0.0046 0.0006 0.001)
(0.0047 0.0006 0.001)
(0.0048 0.0006 0.001)
(0.0049 0.0006 0.001)
(0.005 0.0006 0.001)
(0.0051 0.0006 0.001)
(0.0052 0.0006 0.001)
(0.0053 0.0006 0.001)
(0.0054 0.0006 0.001)
(0.0055 0.0006 0.001)
(0.0056 0.0006 0.001)
(0.0057 0.0006 0.001)
(0.0058 0.0006 0.001)
(0.0059 0.0006 0.001)
(0.006 0.0006 0.001)
(0.0041 0.0007 0.001)
(0.0042 0.0007 0.001)
(0.0043 0.0007 0.001)
(0.0044 0.0007 0.001)
(0.0045 0.0007 0.001)
(0.0046 0.0007 0.001)
(0.0047 0.0007 0.001)
(0.0048 0.0007 0.001)
(0.0049 0.0007 0.001)
(0.005 0.0007 0.001)
(0.0051 0.0007 0.001)
(0.0052 0.0007 0.001)
(0.0053 0.0007 0.001)
(0.0054 0.0007 0.001)
(0.0055 0.0007 0.001)
(0.0056 0.0007 0.001)
(0.0057 0.0007 0.001)
(0.0058 0.0007 0.001)
(0.0059 0.0007 0.001)
(0.006 0.0007 0.001)
(0.0041 0.0008 0.001)
(0.0042 0.0008 0.001)
(0.0043 0.0008 0.001)
(0.0044 0.0008 0.001)
(0.0045 0.0008 0.001)
(0.0046 0.0008 0.001)
(0.0047 0.0008 0.001)
(0.0048 0.0008 0.001)
(0.0049 0.0008 0.001)
(0.005 0.0008 0.001)
(0.0051 0.0008 0.001)
(0.0052 0.0008 0.001)
(0.0053 0.0008 0.001)
(0.0054 0.0008 0.001)
(0.0055 0.0008 0.001)
(0.0056 0.0008 0.001)
(0.0057 0.0008 0.001)
(0.0058 0.0008 0.001)
(0.0059 0.0008 0.001)
(0.006 0.0008 0.001)
(0.0041 0.0009 0.001)
(0.0042 0.0009 0.001)
(0.0043 0.0009 0.001)
(0.0044 0.0009 0.001)
(0.0045 0.0009 0.001)
(0.0046 0.0009 0.001)
(0.0047 0.0009 0.001)
(0.0048 0.0009 0.001)
(0.0049 0.0009 0.001)
(0.005 0.0009 0.001)
(0.0051 0.0009 0.001)
(0.0052 0.0009 0.001)
(0.0053 0.0009 0.001)
(0.0054 0.0009 0.001)
(0.0055 0.0009 0.001)
(0.0056 0.0009 0.001)
(0.0057 0.0009 0.001)
(0.0058 0.0009 0.001)
(0.0059 0.0009 0.001)
(0.006 0.0009 0.001)
(0.0041 0.001 0.001)
(0.0042 0.001 0.001)
(0.0043 0.001 0.001)
(0.0044 0.001 0.001)
(0.0045 0.001 0.001)
(0.0046 0.001 0.001)
(0.0047 0.001 0.001)
(0.0048 0.001 0.001)
(0.0049 0.001 0.001)
(0.005 0.001 0.001)
(0.0051 0.001 0.001)
(0.0052 0.001 0.001)
(0.0053 0.001 0.001)
(0.0054 0.001 0.001)
(0.0055 0.001 0.001)
(0.0056 0.001 0.001)
(0.0057 0.001 0.001)
(0.0058 0.001 0.001)
(0.0059 0.001 0.001)
(0.006 0.001 0.001)
)


// ************************************************************************* //
